10 25 50 75 100 125 150 175 200 225 250
0.986700 0.930700 0.985200 0.985250
0.984600 0.956000 0.982400 0.982650
0.986200 0.955800 0.984800 0.984550
0.987100 0.950000 0.986150 0.986150
0.986900 0.953600 0.985600 0.985600
0.986900 0.953100 0.985050 0.985050
0.985900 0.952800 0.983800 0.983600
0.985400 0.960300 0.985650 0.985750
0.984500 0.955800 0.983700 0.983750
0.986700 0.949800 0.986600 0.986600

0.933600 0.812100 0.972000 0.973000
0.869200 0.757700 0.952400 0.953350
0.816800 0.752800 0.934550 0.934300
0.772700 0.749500 0.918750 0.919000
0.751300 0.732600 0.910450 0.911000
0.732100 0.734600 0.905500 0.905750
0.735000 0.741100 0.899350 0.899250
0.729600 0.751700 0.900900 0.901350
0.717300 0.743700 0.895000 0.893650
0.719700 0.750900 0.896050 0.895550

0.943500 0.818300 0.980700 0.979600
0.917300 0.804800 0.976200 0.975600
0.911100 0.805700 0.976000 0.976800
0.905400 0.811100 0.973500 0.972900
0.904500 0.810300 0.972200 0.972300
0.893900 0.808900 0.972200 0.972000
0.895400 0.813900 0.973100 0.973100
0.899800 0.824300 0.970950 0.970700
0.897300 0.817200 0.970300 0.970400
0.896500 0.823200 0.971650 0.971550

0.955500 0.830900 0.980900 0.978800
0.909900 0.809900 0.974200 0.973700
0.863400 0.800500 0.963050 0.962150
0.827850 0.792700 0.959500 0.958450
0.779700 0.788000 0.940700 0.941300
0.771900 0.776900 0.937000 0.937100
0.750500 0.773000 0.933000 0.932100
0.747250 0.781400 0.927900 0.928650
0.746400 0.777700 0.929900 0.929700
0.743700 0.786000 0.926250 0.926200