15 1 2 3 4 5 6 7 8 9 10 11 12 13 14 15
0.822950 0.781600 0.810150 0.809800
0.890700 0.910700 0.969250 0.968750
0.952600 0.954200 0.984650 0.984600
0.971600 0.953800 0.984550 0.984750
0.979800 0.946800 0.985000 0.985000
0.981000 0.952500 0.982000 0.982300
0.982400 0.945600 0.983250 0.983450
0.984800 0.954800 0.983300 0.983450
0.984050 0.945400 0.982500 0.982450
0.986900 0.944900 0.985800 0.985900
0.987400 0.955200 0.986400 0.986850
0.986500 0.953100 0.985600 0.985600
0.984500 0.931200 0.983600 0.983850
0.986200 0.936700 0.984150 0.983950
0.986100 0.945400 0.985900 0.985700

0.250300 0.641000 0.682850 0.685450
0.356100 0.727300 0.888400 0.889700
0.473900 0.756000 0.915800 0.919900
0.575200 0.767100 0.928550 0.930600
0.671600 0.769800 0.939600 0.941350
0.739300 0.766700 0.948800 0.947250
0.793400 0.759300 0.949800 0.950400
0.824700 0.758900 0.946750 0.947800
0.849700 0.782000 0.952400 0.952500
0.876250 0.767800 0.951700 0.951000
0.887900 0.773400 0.953100 0.952750
0.903900 0.769400 0.957000 0.956650
0.914300 0.784100 0.957500 0.955900
0.922300 0.776700 0.963300 0.963550
0.926200 0.781100 0.959700 0.959350

0.491400 0.521800 0.511150 0.513250
0.525250 0.687300 0.752200 0.753250
0.658750 0.755800 0.890900 0.890200
0.741400 0.778500 0.938100 0.940200
0.804600 0.791000 0.960450 0.959800
0.843900 0.803500 0.967500 0.967550
0.880950 0.799700 0.973550 0.973900
0.895100 0.807300 0.975650 0.974400
0.913200 0.809700 0.978100 0.977300
0.919400 0.806000 0.977250 0.977350
0.928700 0.807200 0.977100 0.976700
0.935100 0.799300 0.977900 0.977800
0.937400 0.792000 0.979300 0.979600
0.946300 0.799800 0.982100 0.981900
0.949800 0.802200 0.980700 0.979700

0.293700 0.635500 0.682450 0.681400
0.418600 0.751700 0.892200 0.892500
0.527700 0.784000 0.934800 0.933650
0.638550 0.787300 0.950600 0.951050
0.722700 0.800600 0.965600 0.963250
0.776900 0.788600 0.961800 0.962000
0.829100 0.798600 0.969350 0.968350
0.867200 0.797300 0.971900 0.971350
0.893000 0.809200 0.970600 0.970100
0.909000 0.802100 0.974350 0.974500
0.919800 0.813800 0.974900 0.973400
0.933300 0.811100 0.975300 0.975100
0.944600 0.821100 0.976100 0.975000
0.946400 0.804300 0.977600 0.976900
0.953900 0.806100 0.979400 0.979400