16 0.5 1 1.5 2 2.5 3 3.5 4 4.5 5 5.5 6 6.5 7 7.5 8
0.984700 0.949700 0.983450 0.983600
0.986600 0.951500 0.984400 0.984650
0.985800 0.942900 0.984400 0.984400
0.986000 0.947500 0.983400 0.983300
0.983700 0.946400 0.981450 0.981100
0.984200 0.952400 0.981700 0.981600
0.985400 0.949200 0.985700 0.985400
0.986600 0.947700 0.985500 0.985650
0.985800 0.945200 0.984100 0.983950
0.984200 0.951900 0.983000 0.983200
0.986200 0.944100 0.984900 0.985000
0.985000 0.954200 0.982400 0.982400
0.983800 0.932800 0.982750 0.982600
0.985600 0.952800 0.984300 0.984000
0.984200 0.950200 0.981450 0.982100
0.985900 0.943100 0.983300 0.983350

0.884200 0.769700 0.960900 0.961550
0.875300 0.771800 0.953350 0.954100
0.869800 0.768700 0.949300 0.949200
0.874000 0.770100 0.952900 0.953350
0.876000 0.777500 0.952800 0.954300
0.864800 0.772600 0.945750 0.945400
0.864900 0.769100 0.946500 0.946050
0.861100 0.769000 0.951250 0.954300
0.864000 0.772000 0.948300 0.948000
0.858100 0.766500 0.950800 0.951100
0.864500 0.770400 0.946800 0.946600
0.874350 0.767500 0.948800 0.948600
0.863000 0.783700 0.945850 0.944700
0.865350 0.778000 0.948550 0.949650
0.863800 0.743400 0.946050 0.945400
0.867600 0.777300 0.950300 0.949900

0.924600 0.801500 0.981400 0.981100
0.917800 0.793900 0.974500 0.973750
0.915950 0.800300 0.975000 0.974200
0.914400 0.801300 0.974750 0.974400
0.912200 0.795300 0.973600 0.973600
0.913300 0.802300 0.975800 0.975800
0.908200 0.795900 0.974000 0.973800
0.911500 0.803800 0.974750 0.973650
0.916650 0.805600 0.972400 0.972200
0.908600 0.808700 0.973100 0.973000
0.918700 0.801900 0.974250 0.974300
0.910700 0.792300 0.973250 0.973250
0.916650 0.798800 0.977500 0.976650
0.913900 0.795500 0.972900 0.973000
0.911100 0.812600 0.976600 0.976200
0.912900 0.804400 0.975850 0.975700

0.921700 0.798500 0.976600 0.976100
0.909000 0.804000 0.973550 0.972600
0.900900 0.814100 0.973300 0.972200
0.901400 0.799100 0.968050 0.967950
0.900500 0.801100 0.968700 0.969200
0.892700 0.800900 0.969400 0.968250
0.903700 0.806800 0.971700 0.970000
0.905200 0.807900 0.968650 0.968500
0.901100 0.800100 0.967800 0.968050
0.903700 0.807300 0.969200 0.968400
0.905500 0.809200 0.970000 0.970400
0.892200 0.808800 0.968600 0.968200
0.902900 0.811200 0.968500 0.968200
0.900700 0.801300 0.968400 0.967900
0.898200 0.804600 0.968050 0.967900
0.890450 0.807600 0.967700 0.966200
